chess_size = [ 7, 9,]
grid_length = 65
mtx = [ [ 5753.183616983907, 0.0, 1923.8847252585304,], [ 0.0, 3072.261852713034, 1520.6950404421907,], [ 0.0, 0.0, 1.0,],]
dist = [ [ -0.10311122033846348, -0.7795702292333924, 0.04288612134174277, 0.03549307986692486, 2.2648090456117687,],]
image_size = [ 3968, 2976,]
