chess_size = [ 8, 11,]
grid_length = 15
mtx = [ [ 3562.4736556061303, 0.0, 1741.3716332142249,], [ 0.0, 3561.5667694381596, 2318.1857240801764,], [ 0.0, 0.0, 1.0,],]
dist = [ [ 0.07641839159864396, -0.03979926084325877, 0.00037512026756591924, 0.0005745878530790577, -1.3520762787767804,],]
image_size = [ 3456, 4608,]
