chess_size = [ 8, 11,]
grid_length = 15
mtx = [ [ 2993.080790624947, 0.0, 1936.9353847860548,], [ 0.0, 2996.200478914687, 1071.4919978978899,], [ 0.0, 0.0, 1.0,],]
dist = [ [ 0.0775655378718702, -0.2421494040053574, -0.0006883016253088739, 0.0006978335774710124, 0.3325436181942838,],]
image_size = [ 3840, 2160,]
