chess_size = [ 10, 13,]
grid_length = 15
mtx = [ [ 3533.234456018517, 0.0, 1766.059687868387,], [ 0.0, 3540.952033524266, 2275.1708820711865,], [ 0.0, 0.0, 1.0,],]
dist = [ [ 0.05942030476199064, -0.03364327758956471, -0.0017725769547813758, 0.0014438126444641212, -0.11495675618990407,],]
image_size = [ 3456, 4608,]
